16, 1352, 960, 92, 1574, 825, 9, 96
371, 1352, 1580, 788, 1338, 16, 241, 1418
1306, 1352, 526, 831, 1574, 15, 47, 30
1313, 1352, 1075, 35, 1338, 109, 11, 825
773, 1352, 396, 8, 1338, 825, 17, 40
529, 1352, 1580, 218, 1338, 15, 0, 1418
1303, 1352, 1580, 215, 1338, 16, 241, 1418
1303, 1352, 1580, 215, 1338, 16, 241, 1418
98, 1352, 1580, 95, 1338, 15, 0, 1418
1093, 1352, 1405, 300, 1338, 825, 1, 97
470, 1352, 1492, 33, 1574, 825, 46, 215
589, 1352, 1580, 212, 1338, 15, 0, 1418
57, 1352, 1580, 1490, 1338, 15, 0, 1418
188, 1352, 960, 1030, 1574, 825, 96, 9
736, 1352, 1425, 210, 784, 128, 508, 54
1127, 1352, 1580, 215, 1338, 16, 241, 1418
1085, 1352, 1580, 95, 1338, 15, 0, 1418
8, 1352, 831, 1029, 16, 258, 1350, 19
413, 1352, 1075, 132, 1338, 109, 11, 825
1127, 1352, 1580, 215, 1338, 16, 241, 1418
1602, 1352, 960, 507, 1574, 825, 9, 96
1140, 1352, 1075, 132, 1338, 109, 11, 825
1156, 1124, 1352, 606, 1574, 16, 40, 1427
243, 1352, 1072, 135, 1338, 2, 241, 1418
9, 1352, 1418, 825, 97, 1574, 18, 1427
371, 1352, 1580, 861, 1338, 16, 241, 1418
371, 1352, 1580, 215, 1338, 16, 241, 1418
702, 1352, 1580, 95, 1338, 15, 0, 1418
1033, 1352, 1405, 1332, 1338, 825, 17, 40
641, 1352, 617, 219, 1338, 2, 241, 1418
1602, 1352, 960, 518, 1574, 825, 9, 96
1602, 1352, 960, 518, 1574, 825, 9, 96
1291, 1352, 1418, 825, 1574, 40, 24, 1427
821, 1352, 1075, 1094, 1338, 109, 825, 4
1364, 1352, 526, 825, 1574, 241, 47, 35
651, 1352, 1418, 825, 40, 1574, 18, 1427
1484, 1352, 831, 1029, 11, 1350, 617, 215
1274, 1352, 1008, 8, 1338, 825, 40, 17
211, 1352, 831, 1007, 4, 608, 47, 1350
1274, 1352, 1008, 1332, 1338, 825, 40, 17
466, 1352, 1405, 8, 1338, 825, 17, 40
413, 1352, 1075, 132, 1338, 109, 11, 825
211, 1352, 831, 1007, 4, 608, 47, 1350
74, 1352, 1075, 99, 1338, 825, 25, 34
1120, 1352, 1405, 300, 1338, 825, 1, 97
94, 1352, 1580, 215, 1338, 241, 2, 1418
1274, 1352, 396, 8, 1338, 825, 40, 17
1156, 831, 1352, 395, 1574, 97, 18, 1427
982, 1352, 1405, 226, 1338, 825, 1, 97
204, 1352, 831, 1007, 1, 1156, 26, 8
57, 1352, 1580, 95, 1338, 15, 0, 1418
1116, 1352, 1075, 35, 1338, 109, 825, 4
205, 1352, 1418, 825, 40, 1574, 18, 1427
205, 1352, 1418, 825, 40, 1574, 18, 1427
211, 1352, 831, 1007, 4, 608, 47, 1350
1602, 1352, 960, 92, 1574, 825, 9, 96
205, 1352, 1418, 825, 40, 1574, 18, 1427
1110, 1352, 960, 92, 1574, 825, 9, 96
59, 1352, 1075, 155, 1338, 25, 825, 34
463, 1352, 1075, 35, 1338, 109, 11, 825
1381, 1352, 831, 1007, 11, 396, 30, 1350
1274, 1352, 1008, 123, 1338, 825, 40, 17
1603, 1352, 1405, 551, 1338, 825, 17, 40
53, 1352, 396, 8, 1338, 825, 40, 17
44, 1352, 1580, 215, 1338, 241, 2, 1418
1433, 1352, 1008, 128, 1338, 825, 19, 40
94, 1352, 1580, 215, 1338, 241, 2, 1418
80, 1352, 1580, 753, 1338, 241, 2, 1418
82, 1352, 526, 825, 1574, 15, 47, 30
43, 1352, 1008, 551, 1338, 825, 40, 17
842, 1352, 1348, 784, 1, 508, 26, 8
371, 1352, 1580, 215, 1338, 16, 241, 1418
385, 1352, 1418, 825, 1574, 40, 24, 1427
413, 1352, 1075, 132, 1338, 109, 11, 825
924, 1352, 1418, 825, 1574, 40, 24, 1427
1157, 1352, 1405, 1332, 1338, 825, 17, 40
80, 1352, 1580, 215, 1338, 241, 2, 1418
175, 1352, 1580, 753, 1338, 16, 241, 1418
1300, 1352, 960, 128, 1574, 825, 96, 9
254, 1352, 1075, 142, 1338, 825, 25, 34
825, 1352, 1348, 784, 1, 508, 26, 8
188, 1352, 960, 92, 1574, 825, 9, 96
120, 1352, 1008, 123, 1338, 825, 40, 17
914, 1352, 1405, 300, 1338, 825, 1, 97
94, 1352, 1580, 215, 1338, 241, 2, 1418
371, 1352, 1580, 788, 1338, 16, 241, 1418
1045, 1352, 1418, 825, 97, 1574, 18, 1427
407, 1352, 1580, 218, 1338, 15, 0, 1418
175, 1352, 1580, 215, 1338, 16, 241, 1418
407, 1352, 1580, 95, 1338, 15, 0, 1418
407, 1352, 1580, 95, 1338, 15, 0, 1418
1552, 1352, 831, 1007, 1, 1156, 26, 8
1563, 1352, 583, 9, 784, 24, 33, 508
283, 1352, 1405, 300, 1338, 825, 1, 97
831, 1352, 1348, 784, 1, 508, 26, 8
1313, 1352, 1075, 132, 1338, 109, 11, 825
371, 1352, 1580, 215, 1338, 16, 241, 1418
1085, 1352, 1580, 95, 1338, 15, 0, 1418
44, 1352, 1580, 215, 1338, 241, 2, 1418
1085, 1352, 1580, 95, 1338, 15, 0, 1418
1552, 1352, 831, 1007, 1, 1156, 26, 8
1433, 1352, 1008, 1332, 1338, 825, 40, 17
1348, 1352, 831, 784, 1, 508, 26, 8
519, 1352, 1075, 142, 1338, 825, 25, 34
1438, 1352, 1418, 825, 40, 1574, 18, 1427
524, 1352, 960, 766, 1574, 825, 9, 96
796, 1352, 1075, 132, 1338, 109, 825, 4
1006, 1352, 1418, 825, 97, 1574, 18, 1427
1006, 1352, 1418, 825, 40, 1574, 18, 1427
1489, 1352, 1580, 95, 1338, 15, 0, 1418
1356, 1352, 960, 766, 1574, 825, 96, 69
1081, 1352, 960, 766, 1574, 825, 9, 96
1103, 1352, 1580, 215, 1338, 16, 241, 1418
419, 1352, 526, 825, 1574, 241, 26, 258
667, 1352, 1425, 784, 19, 508, 18, 92
1117, 1352, 583, 1021, 784, 24, 33, 508
1127, 1352, 1580, 215, 1338, 16, 241, 1418
1313, 1352, 1075, 35, 1338, 109, 11, 825
825, 1352, 1348, 784, 1, 508, 26, 8
1156, 1124, 1352, 35, 1574, 16, 40, 1427
549, 1352, 831, 1007, 4, 608, 47, 65
57, 1352, 1580, 1490, 1338, 15, 0, 1418
925, 1352, 1580, 215, 1338, 16, 241, 1418
1138, 1352, 960, 1419, 1574, 825, 9, 96
1313, 1352, 1075, 132, 1338, 109, 11, 825
1203, 1352, 617, 135, 1338, 2, 241, 1418
325, 1352, 1156, 825, 15, 1574, 30, 47
1178, 1352, 1008, 123, 1338, 825, 40, 17
1179, 1352, 1075, 99, 1338, 825, 25, 34
802, 1352, 1008, 1332, 1338, 825, 40, 17
1110, 1352, 960, 1419, 1574, 825, 9, 96
1127, 1352, 1580, 215, 1338, 16, 241, 1418
1602, 1352, 960, 1419, 1574, 825, 9, 96
94, 1352, 1580, 215, 1338, 241, 2, 1418
916, 1352, 1075, 142, 1338, 825, 25, 34
442, 1352, 526, 825, 1574, 15, 47, 30
1116, 1352, 1075, 35, 1338, 109, 825, 4
653, 1352, 831, 1029, 11, 1350, 617, 30
325, 1352, 1156, 825, 15, 1574, 30, 47
188, 1352, 960, 92, 1574, 825, 9, 96
702, 1352, 1580, 95, 1338, 15, 0, 1418
325, 1352, 1156, 825, 15, 1574, 30, 47
325, 1352, 1156, 825, 15, 1574, 30, 47
313, 1352, 960, 92, 1574, 825, 9, 96
434, 1352, 1418, 825, 40, 1574, 18, 1427
1099, 1352, 617, 135, 1338, 2, 241, 1418
277, 1352, 508, 825, 109, 1574, 26, 1009
321, 1352, 508, 825, 34, 1574, 54, 1427
1136, 1352, 1405, 1090, 1338, 825, 1, 97
1221, 1352, 1075, 35, 1338, 109, 11, 825
397, 1352, 831, 1007, 25, 608, 65, 47
1134, 1352, 1075, 35, 1338, 109, 11, 825
1128, 1352, 1418, 825, 97, 1574, 18, 1427
1140, 1352, 1075, 35, 1338, 109, 11, 825
314, 1352, 960, 92, 1574, 825, 9, 96
925, 1352, 1580, 215, 1338, 16, 241, 1418
233, 1352, 396, 123, 1338, 825, 17, 40
113, 1352, 960, 518, 1574, 825, 9, 96
688, 1352, 831, 1029, 16, 258, 1350, 19
925, 1352, 1580, 215, 1338, 16, 241, 1418
906, 1352, 617, 135, 1338, 2, 241, 1418
16, 1352, 960, 518, 1574, 825, 9, 96
1128, 1352, 1418, 831, 97, 1574, 18, 1427
1450, 1352, 1405, 551, 1338, 825, 17, 40
627, 1352, 1156, 825, 15, 1574, 30, 47
9, 1352, 1418, 825, 97, 1574, 18, 1427
1134, 1352, 1075, 1028, 1338, 109, 11, 825
1134, 1352, 1075, 1028, 1338, 109, 11, 825
916, 1352, 1075, 142, 1338, 825, 25, 34
580, 1352, 1075, 35, 1338, 109, 825, 4
283, 1352, 1405, 364, 1338, 825, 1, 97
1563, 1352, 583, 137, 784, 24, 33, 508
1584, 1352, 831, 1007, 4, 608, 47, 1350
87, 1352, 960, 1419, 1574, 825, 9, 96
1614, 1352, 526, 825, 1574, 241, 26, 258
733, 1352, 583, 137, 784, 24, 33, 508
1602, 1352, 960, 1419, 1574, 825, 9, 96
1013, 1352, 526, 825, 1574, 241, 26, 258
1178, 1352, 1008, 1332, 1338, 825, 40, 17
80, 1352, 1580, 753, 1338, 241, 2, 1418
1612, 1352, 831, 1029, 0, 258, 1350, 6
1116, 1352, 1075, 35, 1338, 109, 825, 4
1154, 1352, 396, 551, 1338, 825, 40, 17
1156, 1124, 1352, 35, 1574, 16, 40, 1427
1107, 1352, 960, 92, 1574, 825, 96, 69
371, 1352, 1580, 788, 1338, 16, 241, 1418
1154, 1352, 1008, 551, 1338, 825, 40, 17
1563, 1352, 583, 137, 784, 24, 33, 508
1563, 1352, 583, 137, 784, 24, 33, 508
1615, 1352, 1405, 551, 1338, 825, 17, 40
1154, 1352, 1008, 551, 1338, 825, 40, 17
1116, 1352, 1075, 35, 1338, 109, 825, 4
1602, 1352, 960, 92, 1574, 825, 9, 96
1450, 1352, 1405, 551, 1338, 825, 17, 40
1377, 1352, 831, 1029, 11, 1350, 617, 215
100, 1352, 1492, 831, 1574, 15, 47, 30
1474, 1352, 831, 1029, 0, 258, 1350, 6
1612, 1352, 831, 1029, 0, 258, 1350, 6
1492, 831, 1352, 395, 1574, 97, 18, 1427
1099, 1352, 617, 135, 1338, 2, 241, 1418
1602, 1352, 960, 92, 1574, 825, 9, 96
1188, 1352, 526, 825, 1574, 241, 47, 35
1352, 1124, 258, 37, 784, 24, 33, 508
702, 1352, 1580, 95, 1338, 15, 0, 1418
33, 1352, 831, 1029, 11, 1350, 617, 215
74, 1352, 1075, 99, 1338, 825, 25, 34
57, 1352, 1580, 95, 1338, 15, 0, 1418
66, 1352, 1580, 215, 1338, 241, 2, 1418
1187, 1352, 1418, 825, 40, 1574, 18, 1427
112, 1352, 1405, 364, 1338, 825, 1, 97
1167, 1352, 526, 825, 1574, 241, 47, 35
1112, 1352, 1075, 142, 1338, 825, 25, 34
43, 1352, 1008, 551, 1338, 825, 40, 17
1565, 1352, 960, 518, 1574, 825, 9, 96
1466, 1352, 1075, 142, 1338, 825, 25, 34
1380, 1352, 1405, 300, 1338, 825, 1, 97
146, 1352, 1405, 364, 1338, 825, 1, 97
1380, 1352, 1405, 364, 1338, 825, 1, 97
1085, 1352, 1580, 95, 1338, 15, 0, 1418
1602, 1352, 960, 1419, 1574, 825, 9, 96
620, 1352, 831, 1029, 2, 1350, 1009, 69
702, 1352, 1580, 95, 1338, 15, 0, 1418
1112, 1352, 1075, 142, 1338, 825, 25, 34
953, 1352, 1580, 95, 1338, 15, 0, 1418
275, 1352, 960, 92, 1574, 825, 9, 96
275, 1352, 960, 1419, 1574, 825, 9, 96
277, 1352, 508, 825, 109, 1574, 26, 1009
831, 1352, 1348, 784, 1, 508, 26, 8
1373, 1352, 526, 825, 1574, 241, 47, 35
1380, 1352, 1405, 300, 1338, 825, 1, 97
623, 1352, 1418, 825, 1574, 40, 24, 1427
1492, 831, 1352, 923, 1574, 97, 18, 1427
214, 1352, 960, 92, 1574, 825, 9, 96
1373, 1352, 526, 825, 1574, 241, 47, 35
1178, 1352, 1008, 123, 1338, 825, 40, 17
1106, 1352, 1580, 95, 1338, 15, 0, 1418
57, 1352, 1580, 95, 1338, 15, 0, 1418
831, 1352, 1348, 784, 1, 508, 26, 8
371, 1352, 1580, 215, 1338, 16, 241, 1418
1120, 1352, 1405, 300, 1338, 825, 1, 97
301, 1352, 508, 825, 109, 1574, 26, 1009
211, 1352, 831, 1007, 4, 608, 47, 1350
325, 1352, 1156, 825, 15, 1574, 30, 47
448, 1352, 1075, 298, 1338, 109, 11, 825
1563, 1352, 583, 9, 784, 24, 33, 508
407, 1352, 1580, 95, 1338, 15, 0, 1418
923, 1352, 1418, 825, 40, 1574, 18, 1427
472, 1352, 1008, 8, 1338, 825, 40, 17
1154, 1352, 1008, 551, 1338, 825, 40, 17
1389, 1352, 960, 92, 1574, 825, 9, 96
1602, 1352, 960, 92, 1574, 825, 9, 96
1156, 831, 1352, 343, 1574, 97, 18, 1427
1106, 1352, 1580, 95, 1338, 15, 0, 1418
1492, 831, 1352, 923, 1574, 97, 18, 1427
773, 1352, 1008, 1383, 1338, 825, 17, 40
1602, 1352, 960, 92, 1574, 825, 9, 96
57, 1352, 1580, 95, 1338, 15, 0, 1418
1563, 1352, 583, 137, 784, 24, 33, 508
1264, 1352, 1492, 825, 15, 1574, 30, 47
564, 1352, 1580, 215, 1338, 16, 241, 1418
1602, 1352, 960, 92, 1574, 825, 9, 96
1313, 1352, 1075, 35, 1338, 109, 11, 825
702, 1352, 1580, 95, 1338, 15, 0, 1418
254, 1352, 1075, 142, 1338, 825, 25, 34
1476, 1352, 1580, 215, 1338, 241, 2, 1418
98, 1352, 1580, 95, 1338, 15, 0, 1418
1112, 1352, 1075, 142, 1338, 825, 25, 34
1563, 1352, 583, 9, 784, 24, 33, 508
413, 1352, 1075, 132, 1338, 109, 11, 825
1112, 1352, 1075, 142, 1338, 825, 25, 34
582, 1352, 1418, 825, 1574, 40, 24, 1427
831, 1352, 1348, 784, 1, 508, 26, 8
736, 1352, 1425, 387, 784, 128, 508, 54
886, 1352, 508, 825, 109, 1574, 26, 1009
448, 1352, 1075, 35, 1338, 109, 11, 825
925, 1352, 1580, 215, 1338, 16, 241, 1418
891, 1352, 526, 825, 1574, 241, 47, 35
277, 1352, 508, 831, 109, 1574, 26, 1009
325, 1352, 1156, 825, 15, 1574, 30, 47
1374, 1352, 508, 831, 109, 1574, 26, 65
597, 1352, 1580, 95, 1338, 15, 0, 1418
1099, 1352, 617, 135, 1338, 2, 241, 1418
1182, 1352, 526, 825, 1574, 15, 47, 30
1203, 1352, 617, 135, 1338, 2, 241, 1418
1148, 1352, 960, 92, 1574, 825, 9, 96
57, 1352, 1580, 1490, 1338, 15, 0, 1418
1146, 1352, 526, 831, 1574, 241, 26, 258
1126, 1352, 1580, 861, 1338, 241, 2, 1418
1156, 1124, 1352, 35, 1574, 16, 40, 1427
436, 1352, 1075, 132, 1338, 109, 825, 4
374, 1352, 1405, 364, 1338, 825, 1, 97
773, 1352, 396, 551, 1338, 825, 17, 40
1095, 1352, 960, 92, 1574, 825, 9, 96
614, 1352, 1405, 364, 1338, 825, 1, 97
1169, 1352, 1405, 300, 1338, 825, 1, 97
291, 1352, 526, 831, 1574, 241, 26, 258
702, 1352, 1580, 95, 1338, 15, 0, 1418
325, 1352, 1156, 831, 15, 1574, 30, 47
1457, 1352, 1418, 825, 97, 1574, 18, 1427
371, 1352, 1580, 788, 1338, 16, 241, 1418
267, 1352, 526, 825, 1574, 241, 47, 35
85, 1352, 1075, 132, 1338, 109, 825, 4
77, 1352, 1075, 35, 1338, 109, 11, 825
1464, 1352, 1418, 825, 97, 1574, 54, 8
180, 1352, 526, 831, 1574, 15, 47, 30
831, 1352, 1348, 784, 1, 508, 26, 8
1274, 1352, 1008, 1383, 1338, 825, 40, 17
472, 1352, 396, 1061, 1338, 825, 40, 17
1313, 1352, 1075, 35, 1338, 109, 11, 825
1352, 1124, 583, 37, 784, 24, 33, 508
1178, 1352, 396, 551, 1338, 825, 40, 17
1188, 1352, 526, 825, 1574, 241, 47, 35
432, 1352, 960, 92, 1574, 825, 96, 69
1531, 1352, 1156, 33, 1574, 825, 46, 215
1144, 1352, 1418, 825, 97, 1574, 54, 8
809, 1352, 1580, 215, 1338, 241, 2, 1418
335, 1352, 396, 8, 1338, 825, 40, 17
432, 1352, 960, 92, 1574, 825, 96, 69
481, 1352, 1075, 132, 1338, 109, 11, 825
321, 1352, 508, 831, 34, 1574, 54, 1427
757, 1124, 1348, 457, 1007, 526, 24, 92
1595, 1352, 960, 507, 1574, 825, 9, 96
1481, 1352, 1580, 215, 1338, 16, 241, 1418
463, 1352, 1075, 35, 1338, 109, 11, 825
1274, 1352, 1008, 21, 1338, 825, 40, 17
57, 1352, 1580, 95, 1338, 15, 0, 1418
603, 1352, 1580, 788, 1338, 241, 2, 1418
77, 1352, 1075, 35, 1338, 109, 11, 825
439, 1352, 831, 1029, 0, 46, 1350, 608
57, 1352, 1580, 95, 1338, 15, 0, 1418
89, 1352, 1156, 825, 15, 1574, 30, 47
1112, 1352, 1075, 142, 1338, 825, 25, 34
597, 1352, 1580, 1006, 1338, 15, 0, 1418
57, 1352, 1580, 95, 1338, 15, 0, 1418
1120, 1352, 1405, 300, 1338, 825, 1, 97
1146, 1352, 526, 831, 1574, 241, 26, 258
1457, 1352, 1418, 825, 97, 1574, 18, 1427
1612, 1352, 831, 1029, 0, 258, 1350, 6
1038, 1352, 1580, 215, 1338, 241, 2, 1418
100, 1352, 1156, 825, 1574, 15, 47, 30
1563, 1352, 583, 9, 784, 24, 33, 508
1116, 1352, 1075, 35, 1338, 109, 825, 4
1457, 1352, 1418, 825, 97, 1574, 18, 1427
147, 1352, 1156, 825, 15, 1574, 30, 47
43, 1352, 1008, 551, 1338, 825, 40, 17
371, 1352, 1580, 215, 1338, 16, 241, 1418
1099, 1352, 617, 135, 1338, 2, 241, 1418
773, 1352, 396, 1383, 1338, 825, 17, 40
1177, 1352, 1075, 132, 1338, 109, 825, 4
748, 1352, 1075, 142, 1338, 825, 25, 34
94, 1352, 1580, 788, 1338, 241, 2, 1418
1099, 1352, 617, 135, 1338, 2, 241, 1418
472, 1352, 396, 551, 1338, 825, 40, 17
1120, 1352, 1405, 1397, 1338, 825, 1, 97
748, 1352, 1075, 142, 1338, 825, 25, 34
325, 1352, 1156, 825, 15, 1574, 30, 47
80, 1352, 1580, 215, 1338, 241, 2, 1418
924, 1352, 1418, 825, 1574, 40, 24, 1427
85, 1352, 1075, 132, 1338, 109, 825, 4
1274, 1352, 1008, 1332, 1338, 825, 40, 17
1383, 1352, 831, 1029, 16, 258, 1350, 19
322, 1352, 831, 1029, 2, 1350, 1009, 69
1047, 1352, 617, 135, 1338, 2, 241, 1418
575, 1352, 960, 251, 1574, 825, 96, 9
325, 1352, 1156, 825, 15, 1574, 30, 47
988, 1352, 1418, 825, 40, 1574, 18, 1427
925, 1352, 1580, 215, 1338, 16, 241, 1418
466, 1352, 396, 8, 1338, 825, 17, 40
466, 1352, 396, 8, 1338, 825, 17, 40
702, 1352, 1580, 95, 1338, 15, 0, 1418
1564, 1352, 831, 1007, 25, 608, 65, 47
925, 1352, 1580, 215, 1338, 16, 241, 1418
748, 1352, 1075, 142, 1338, 825, 25, 34
1184, 1352, 1405, 364, 1338, 825, 1, 97
34, 1352, 831, 1007, 4, 608, 47, 65
420, 1352, 960, 92, 1574, 825, 9, 96
702, 1352, 1580, 95, 1338, 15, 0, 1418
57, 1352, 1580, 95, 1338, 15, 0, 1418
1137, 1352, 831, 1029, 0, 258, 1350, 6
1137, 1352, 831, 1029, 0, 258, 1350, 6
1124, 1352, 583, 9, 784, 24, 33, 508
1007, 1124, 801, 1352, 11, 737, 1350, 1418
1221, 1352, 1075, 35, 1338, 109, 11, 825
1134, 1352, 1075, 35, 1338, 109, 11, 825
16, 1352, 960, 518, 1574, 825, 9, 96
1134, 1352, 1075, 35, 1338, 109, 11, 825
1122, 1352, 960, 620, 1574, 825, 9, 96
924, 1352, 1418, 825, 1574, 40, 24, 1427
702, 1352, 1580, 218, 1338, 15, 0, 1418
9, 1352, 1418, 825, 97, 1574, 18, 1427
1134, 1352, 1075, 1094, 1338, 109, 11, 825
749, 1352, 1580, 215, 1338, 16, 241, 1418
315, 1352, 526, 825, 1574, 15, 47, 30
43, 1352, 1008, 150, 1338, 825, 40, 17
406, 1352, 831, 1029, 16, 258, 1350, 19
926, 1352, 1156, 825, 15, 1574, 30, 47
1010, 1352, 1418, 825, 40, 1574, 18, 1427
1134, 1352, 1075, 35, 1338, 109, 11, 825
589, 1352, 1580, 95, 1338, 15, 0, 1418
233, 1352, 1405, 551, 1338, 825, 17, 40
748, 1352, 1075, 142, 1338, 825, 25, 34
749, 1352, 1580, 215, 1338, 16, 241, 1418
1134, 1352, 1075, 35, 1338, 109, 11, 825
614, 1352, 1405, 364, 1338, 825, 1, 97
1139, 1352, 960, 92, 1574, 825, 9, 96
454, 1352, 960, 92, 1574, 825, 96, 69
1319, 1352, 1156, 825, 15, 1574, 30, 47
166, 1352, 1008, 551, 1338, 825, 40, 17
1313, 1352, 1075, 132, 1338, 109, 11, 825
1326, 1352, 960, 92, 1574, 825, 96, 69
80, 1352, 1580, 753, 1338, 241, 2, 1418
183, 1352, 960, 518, 1574, 825, 9, 96
1312, 1352, 831, 1029, 11, 1350, 617, 215
188, 1352, 960, 92, 1574, 825, 9, 96
1563, 1352, 583, 137, 784, 24, 33, 508
773, 1352, 1008, 693, 1338, 825, 17, 40
835, 1352, 1348, 784, 1, 508, 26, 8
1602, 1352, 960, 518, 1574, 825, 9, 96
359, 1352, 526, 825, 1574, 241, 26, 258
1602, 1352, 960, 507, 1574, 825, 9, 96
1312, 1352, 831, 1029, 11, 1350, 617, 215
1110, 1352, 960, 518, 1574, 825, 9, 96
371, 1352, 1580, 861, 1338, 16, 241, 1418
188, 1352, 960, 1030, 1574, 825, 96, 9
589, 1352, 1580, 1490, 1338, 15, 0, 1418
371, 1352, 1580, 215, 1338, 16, 241, 1418
112, 1352, 1405, 300, 1338, 825, 1, 97
718, 1352, 831, 1007, 4, 608, 47, 65
413, 1352, 1075, 132, 1338, 109, 11, 825
907, 1352, 1580, 753, 1338, 16, 241, 1418
470, 1352, 960, 1574, 92, 825, 96, 69
1312, 1352, 831, 1029, 11, 1350, 617, 215
371, 1352, 1580, 788, 1338, 16, 241, 1418
371, 1352, 1580, 788, 1338, 16, 241, 1418
1336, 1352, 1580, 215, 1338, 241, 2, 1418
1021, 1352, 1418, 825, 97, 1574, 18, 1427
866, 1352, 1405, 364, 1338, 825, 1, 97
1110, 1352, 960, 518, 1574, 825, 9, 96
433, 1352, 1008, 1332, 1338, 825, 40, 17
1303, 1352, 1580, 215, 1338, 16, 241, 1418
80, 1352, 1580, 753, 1338, 241, 2, 1418
614, 1352, 1405, 364, 1338, 825, 1, 97
745, 1352, 960, 92, 1574, 825, 9, 96
533, 1352, 1075, 132, 1338, 109, 11, 825
1057, 1352, 1418, 831, 1574, 40, 24, 1427
1240, 1352, 1405, 1397, 1338, 825, 1, 97
1352, 1124, 258, 37, 784, 24, 33, 508
589, 1352, 1580, 95, 1338, 15, 0, 1418
1116, 1352, 1075, 35, 1338, 109, 825, 4
1045, 1352, 1418, 825, 97, 1574, 18, 1427
1336, 1352, 1580, 215, 1338, 241, 2, 1418
435, 1352, 960, 92, 1574, 825, 9, 96
109, 1352, 831, 1007, 4, 608, 47, 1350
1085, 1352, 1580, 95, 1338, 15, 0, 1418
708, 1352, 1580, 95, 1338, 15, 0, 1418
1154, 1352, 1008, 551, 1338, 825, 40, 17
120, 1352, 1008, 551, 1338, 825, 40, 17
39, 1352, 526, 825, 1574, 15, 47, 30
175, 1352, 1580, 215, 1338, 16, 241, 1418
1041, 1352, 960, 1574, 92, 825, 96, 69
82, 1352, 526, 825, 1574, 15, 47, 30
1163, 1352, 1075, 35, 1338, 109, 11, 825
1148, 1352, 960, 92, 1574, 825, 9, 96
1336, 1352, 1580, 215, 1338, 241, 2, 1418
1182, 1352, 526, 825, 1574, 15, 47, 30
57, 1352, 1580, 95, 1338, 15, 0, 1418
1313, 1352, 1075, 35, 1338, 109, 11, 825
57, 1352, 1580, 1354, 1338, 15, 0, 1418
1117, 1352, 583, 9, 784, 24, 33, 508
57, 1352, 1580, 95, 1338, 15, 0, 1418
466, 1352, 1405, 1383, 1338, 825, 17, 40
204, 1352, 831, 1007, 1, 1156, 26, 8
1047, 1352, 617, 135, 1338, 2, 241, 1418
434, 1352, 1418, 825, 40, 1574, 18, 1427
57, 1352, 1580, 95, 1338, 15, 0, 1418
1313, 1352, 1075, 35, 1338, 109, 11, 825
99, 1352, 831, 1029, 0, 46, 1350, 608
85, 1352, 1075, 132, 1338, 109, 825, 4
76, 1352, 1405, 364, 1338, 825, 1, 97
77, 1352, 1075, 35, 1338, 109, 11, 825
991, 1352, 617, 972, 1338, 2, 241, 1418
467, 1352, 508, 825, 109, 1574, 26, 65
1203, 1352, 617, 135, 1338, 2, 241, 1418
1120, 1352, 1405, 300, 1338, 825, 1, 97
597, 1352, 1580, 1354, 1338, 15, 0, 1418
448, 1352, 1075, 298, 1338, 109, 11, 825
1120, 1352, 1405, 300, 1338, 825, 1, 97
112, 1352, 1405, 611, 1338, 825, 1, 97
1115, 1352, 960, 92, 1574, 825, 9, 96
1563, 1352, 583, 9, 784, 24, 33, 508
1560, 1352, 831, 1029, 2, 1350, 1009, 69
1288, 1352, 960, 92, 1574, 825, 96, 69
1492, 1124, 1352, 179, 1574, 16, 40, 1427
1560, 1352, 831, 1029, 2, 1350, 1009, 69
925, 1352, 1580, 215, 1338, 16, 241, 1418
1103, 1352, 1580, 215, 1338, 16, 241, 1418
1602, 1352, 960, 92, 1574, 825, 9, 96
1313, 1352, 1075, 132, 1338, 109, 11, 825
448, 1352, 1075, 35, 1338, 109, 11, 825
91, 1352, 831, 1029, 16, 258, 1350, 19
979, 1352, 508, 825, 34, 1574, 54, 1427
978, 1352, 960, 92, 1574, 825, 9, 96
53, 1352, 1008, 8, 1338, 825, 40, 17
1274, 1352, 1008, 8, 1338, 825, 40, 17
205, 1352, 1418, 825, 40, 1574, 18, 1427
939, 1352, 1405, 300, 1338, 825, 1, 97
1146, 1352, 526, 831, 1574, 241, 26, 258
1120, 1352, 1405, 300, 1338, 825, 1, 97
1156, 831, 1352, 343, 1574, 97, 18, 1427
57, 1352, 1580, 95, 1338, 15, 0, 1418
211, 1352, 831, 1007, 4, 608, 47, 1350
1156, 1124, 1352, 35, 1574, 16, 40, 1427
46, 1352, 831, 17, 784, 128, 508, 26
1148, 1352, 960, 92, 1574, 825, 9, 96
43, 1352, 1008, 123, 1338, 825, 40, 17
1313, 1352, 1075, 35, 1338, 109, 11, 825
576, 1352, 831, 1007, 11, 396, 30, 1350
57, 1352, 1580, 95, 1338, 15, 0, 1418
1146, 1352, 526, 831, 1574, 241, 26, 258
937, 1352, 1008, 693, 1338, 825, 40, 17
1352, 1124, 258, 37, 784, 24, 33, 508
1172, 1352, 960, 92, 1574, 825, 9, 96
825, 1352, 1348, 784, 1, 508, 26, 8
57, 1352, 1580, 95, 1338, 15, 0, 1418
925, 1352, 1580, 215, 1338, 16, 241, 1418
825, 1352, 1348, 784, 1, 508, 26, 8
57, 1352, 1580, 95, 1338, 15, 0, 1418
205, 1352, 1418, 825, 40, 1574, 18, 1427
205, 1352, 1418, 825, 40, 1574, 18, 1427
1352, 1124, 621, 37, 784, 24, 33, 508
1041, 1352, 960, 1574, 92, 825, 96, 69
576, 1352, 831, 1007, 11, 396, 30, 1350
925, 1352, 1580, 215, 1338, 16, 241, 1418
855, 1352, 526, 825, 1574, 15, 47, 30
1602, 1352, 960, 518, 1574, 825, 9, 96
1313, 1352, 1075, 132, 1338, 109, 11, 825
784, 1124, 847, 1352, 1405, 11, 1350, 40
1047, 1352, 617, 135, 1338, 2, 241, 1418
730, 1352, 1418, 825, 97, 1574, 18, 1427
810, 1352, 960, 92, 1574, 825, 9, 96
1139, 1352, 960, 620, 1574, 825, 9, 96
575, 1352, 960, 624, 1574, 825, 96, 9
94, 1352, 1580, 215, 1338, 241, 2, 1418
825, 1352, 1348, 784, 1, 508, 26, 8
1602, 1352, 960, 92, 1574, 825, 9, 96
413, 1352, 1075, 132, 1338, 109, 11, 825
1039, 1124, 1352, 224, 1338, 0, 109, 1427
585, 1352, 526, 825, 1574, 241, 26, 258
821, 1352, 1075, 155, 1338, 25, 825, 34
446, 1352, 526, 825, 1574, 241, 47, 35
866, 1352, 1405, 300, 1338, 825, 1, 97
398, 1352, 1156, 825, 15, 1574, 30, 47
57, 1352, 1580, 95, 1338, 15, 0, 1418
1154, 1352, 1008, 551, 1338, 825, 40, 17
1602, 1352, 960, 92, 1574, 825, 9, 96
1140, 1352, 1075, 35, 1338, 109, 11, 825
432, 1352, 960, 92, 1574, 825, 96, 69
1124, 1352, 583, 9, 784, 24, 33, 508
575, 1352, 960, 518, 1574, 825, 9, 96
688, 1352, 831, 1029, 16, 258, 1350, 19
207, 1352, 960, 518, 1574, 825, 9, 96
924, 1352, 1418, 825, 1574, 40, 24, 1427
9, 1352, 1418, 825, 97, 1574, 18, 1427
371, 1352, 1580, 788, 1338, 16, 241, 1418
398, 1352, 1156, 825, 15, 1574, 30, 47
924, 1352, 1418, 825, 1574, 40, 24, 1427
398, 1352, 1156, 825, 15, 1574, 30, 47
1116, 1352, 1075, 35, 1338, 109, 825, 4
688, 1352, 831, 1029, 16, 258, 1350, 19
36, 1352, 617, 135, 1338, 2, 241, 1418
6, 1352, 617, 972, 1338, 2, 241, 1418
0, 1352, 960, 790, 1574, 825, 9, 96
85, 1352, 1075, 132, 1338, 109, 825, 4
1489, 1352, 1580, 95, 1338, 15, 0, 1418
868, 1352, 1405, 364, 1338, 825, 1, 97
871, 1352, 1075, 35, 1338, 109, 825, 4
398, 1352, 1156, 825, 15, 1574, 30, 47
7, 1352, 960, 790, 1574, 825, 96, 69
877, 1352, 508, 825, 109, 1574, 26, 65
1489, 1352, 1580, 221, 1338, 15, 0, 1418
1596, 1352, 1580, 215, 1338, 241, 2, 1418
1596, 1352, 1580, 753, 1338, 241, 2, 1418
4, 1352, 526, 825, 1574, 15, 47, 30
1033, 1352, 1405, 551, 1338, 825, 17, 40
788, 1352, 1418, 825, 40, 1574, 18, 1427
94, 1352, 1580, 215, 1338, 241, 2, 1418
130, 1352, 1405, 383, 1338, 825, 1, 97
130, 1352, 1405, 364, 1338, 825, 1, 97
1033, 1352, 1405, 551, 1338, 825, 17, 40
130, 1352, 1405, 364, 1338, 825, 1, 97
385, 1352, 1418, 825, 1574, 40, 24, 1427
395, 1352, 1418, 825, 40, 1574, 18, 1427
802, 1352, 396, 8, 1338, 825, 40, 17
1090, 1352, 831, 1029, 0, 258, 1350, 6
211, 1352, 831, 1007, 4, 608, 47, 1350
1178, 1352, 396, 123, 1338, 825, 40, 17
1260, 1352, 960, 92, 1574, 825, 9, 96
439, 1352, 831, 1029, 0, 46, 1350, 608
1045, 1352, 1418, 831, 97, 1574, 18, 1427
1602, 1352, 960, 507, 1574, 825, 9, 96
809, 1352, 1025, 215, 1338, 241, 2, 1418
441, 1352, 1008, 551, 1338, 825, 40, 17
186, 1352, 831, 1029, 46, 1350, 24, 15
1492, 1124, 1352, 35, 1574, 16, 40, 1427
825, 1352, 1348, 784, 1, 508, 26, 8
371, 1352, 1580, 861, 1338, 16, 241, 1418
1352, 1124, 258, 37, 784, 24, 33, 508
1603, 1352, 1405, 1332, 1338, 825, 17, 40
1602, 1352, 960, 92, 1574, 825, 9, 96
825, 1352, 1348, 784, 1, 508, 26, 8
718, 1352, 831, 1007, 4, 608, 47, 65
1039, 1124, 1352, 224, 1338, 0, 109, 1427
441, 1352, 1008, 551, 1338, 825, 40, 17
439, 1352, 831, 1029, 0, 46, 1350, 608
426, 1352, 1580, 215, 1338, 16, 241, 1418
448, 1352, 1075, 298, 1338, 109, 11, 825
277, 1352, 508, 831, 109, 1574, 26, 1009
1116, 1352, 1075, 35, 1338, 109, 825, 4
259, 1352, 526, 831, 1574, 241, 47, 35
96, 1352, 831, 784, 1, 526, 26, 8
57, 1352, 1580, 95, 1338, 15, 0, 1418
1045, 1352, 1418, 825, 97, 1574, 18, 1427
1584, 1352, 831, 1007, 4, 608, 47, 1350
1120, 1352, 1405, 1397, 1338, 825, 1, 97
100, 1352, 1156, 825, 1574, 15, 47, 30
1127, 1352, 1580, 215, 1338, 16, 241, 1418
448, 1352, 1075, 1028, 1338, 109, 11, 825
1313, 1352, 1075, 35, 1338, 109, 11, 825
702, 1352, 1580, 95, 1338, 15, 0, 1418
480, 1352, 1075, 142, 1338, 825, 25, 34
649, 1352, 1580, 215, 1338, 16, 241, 1418
275, 1352, 960, 92, 1574, 825, 9, 96
277, 1352, 508, 825, 109, 1574, 26, 1009
887, 1352, 960, 128, 1574, 825, 96, 9
1602, 1352, 960, 92, 1574, 825, 9, 96
290, 1352, 617, 135, 1338, 2, 241, 1418
1584, 1352, 831, 1007, 4, 608, 47, 1350
1120, 1352, 1405, 300, 1338, 825, 1, 97
57, 1352, 1580, 212, 1338, 15, 0, 1418
1112, 1352, 1075, 142, 1338, 825, 25, 34
1098, 1352, 1025, 215, 1338, 241, 2, 1418
1457, 1352, 1418, 825, 97, 1574, 18, 1427
1603, 1352, 1405, 551, 1338, 825, 17, 40
85, 1352, 1075, 155, 1338, 25, 825, 34
1038, 1352, 1580, 215, 1338, 241, 2, 1418
1116, 1352, 1075, 35, 1338, 109, 825, 4
1103, 1352, 1580, 861, 1338, 16, 241, 1418
1103, 1352, 1580, 215, 1338, 16, 241, 1418
1604, 1352, 1075, 35, 1338, 109, 825, 4
106, 1352, 508, 825, 109, 1574, 26, 1009
100, 1352, 1156, 825, 1574, 15, 47, 30
1615, 1352, 1405, 1332, 1338, 825, 17, 40
1112, 1352, 1075, 142, 1338, 825, 25, 34
1154, 1352, 1008, 551, 1338, 825, 40, 17
1466, 1352, 1075, 142, 1338, 825, 25, 34
1157, 1352, 1405, 1332, 1338, 825, 17, 40
1489, 1352, 1580, 1490, 1338, 15, 0, 1418
736, 1352, 1425, 387, 784, 128, 508, 54
371, 1352, 1580, 215, 1338, 16, 241, 1418
371, 1352, 1580, 861, 1338, 16, 241, 1418
1103, 1352, 1580, 215, 1338, 16, 241, 1418
57, 1352, 1580, 1490, 1338, 15, 0, 1418
85, 1352, 1075, 132, 1338, 109, 825, 4
1563, 1352, 583, 137, 784, 24, 33, 508
1148, 1352, 960, 1419, 1574, 825, 9, 96
96, 1352, 831, 784, 1, 526, 26, 8
1150, 1352, 831, 1029, 11, 1350, 617, 215
1113, 1352, 1405, 300, 1338, 825, 1, 97
1098, 1352, 1025, 343, 1338, 241, 2, 1418
204, 1352, 831, 1007, 1, 1156, 26, 8
925, 1352, 1580, 215, 1338, 16, 241, 1418
233, 1352, 396, 551, 1338, 825, 17, 40
688, 1352, 831, 1029, 16, 258, 1350, 19
691, 1352, 831, 19, 784, 54, 33, 508
981, 1352, 1075, 35, 1338, 109, 825, 4
74, 1352, 1075, 99, 1338, 825, 25, 34
804, 1352, 1418, 831, 40, 1574, 18, 1427
688, 1352, 831, 1029, 16, 258, 1350, 19
1120, 1352, 1405, 1397, 1338, 825, 1, 97
1038, 1352, 1580, 215, 1338, 241, 2, 1418
325, 1352, 1156, 825, 15, 1574, 30, 47
982, 1352, 1405, 1090, 1338, 825, 1, 97
982, 1352, 1405, 1090, 1338, 825, 1, 97
61, 1352, 960, 92, 1574, 825, 9, 96
925, 1352, 1580, 215, 1338, 16, 241, 1418
461, 1352, 396, 123, 1338, 825, 40, 17
871, 1352, 1075, 35, 1338, 109, 825, 4
449, 1352, 960, 1030, 1574, 825, 96, 9
925, 1352, 1580, 215, 1338, 16, 241, 1418
1299, 1352, 617, 135, 1338, 2, 241, 1418
947, 1352, 960, 531, 1574, 825, 9, 96
925, 1352, 1580, 212, 1338, 15, 0, 1418
576, 1352, 831, 1007, 11, 396, 30, 1350
1103, 1352, 1580, 788, 1338, 16, 241, 1418
39, 1352, 526, 825, 1574, 15, 47, 30
243, 1352, 617, 135, 1338, 2, 241, 1418
43, 1352, 396, 551, 1338, 825, 40, 17
211, 1352, 831, 1007, 4, 608, 47, 1350
46, 1352, 831, 17, 784, 128, 508, 26
42, 1352, 1418, 825, 97, 1574, 54, 8
1095, 1352, 960, 1419, 1574, 825, 9, 96
1563, 1352, 583, 9, 784, 24, 33, 508
1602, 1352, 960, 92, 1574, 825, 9, 96
1203, 1352, 617, 972, 1338, 2, 241, 1418
777, 1352, 1580, 788, 1338, 241, 2, 1418
1047, 1352, 617, 135, 1338, 2, 241, 1418
1154, 1352, 1008, 123, 1338, 825, 40, 17
1476, 1352, 1580, 215, 1338, 241, 2, 1418
1154, 1352, 1008, 1332, 1338, 825, 40, 17
371, 1352, 1580, 390, 1338, 16, 241, 1418
774, 1352, 617, 135, 1338, 2, 241, 1418
1492, 1124, 1352, 329, 1574, 16, 40, 1427
94, 1352, 1580, 215, 1338, 241, 2, 1418
1146, 1352, 526, 831, 1574, 241, 26, 258
1120, 1352, 1405, 300, 1338, 825, 1, 97
1476, 1352, 1580, 215, 1338, 241, 2, 1418
1511, 1352, 1418, 825, 40, 1574, 18, 1427
340, 1352, 1405, 300, 1338, 825, 1, 97
1602, 1352, 960, 1419, 1574, 825, 9, 96
420, 1352, 960, 92, 1574, 825, 9, 96
1145, 1352, 526, 831, 1574, 241, 47, 35
1154, 1352, 1008, 551, 1338, 825, 40, 17
773, 1352, 396, 1383, 1338, 825, 17, 40
214, 1352, 960, 1560, 1574, 825, 96, 9
1563, 1352, 583, 9, 784, 24, 33, 508
702, 1352, 1580, 95, 1338, 15, 0, 1418
1603, 1352, 1405, 551, 1338, 825, 17, 40
1603, 1352, 1405, 551, 1338, 825, 17, 40
1203, 1352, 617, 219, 1338, 2, 241, 1418
1148, 1352, 960, 92, 1574, 825, 9, 96
1148, 1352, 960, 1419, 1574, 825, 9, 96
448, 1352, 1075, 298, 1338, 109, 11, 825
522, 1352, 831, 784, 1, 526, 26, 8
57, 1352, 1580, 95, 1338, 15, 0, 1418
1172, 1352, 960, 92, 1574, 825, 9, 96
113, 1352, 960, 624, 1574, 825, 96, 9
46, 1352, 831, 50, 784, 128, 508, 26
1120, 1352, 1405, 300, 1338, 825, 1, 97
1172, 1352, 862, 92, 1574, 825, 9, 96
1172, 1352, 960, 92, 1574, 825, 9, 96
57, 1352, 1580, 95, 1338, 15, 0, 1418
57, 1352, 1580, 95, 1338, 15, 0, 1418
777, 1352, 1580, 215, 1338, 241, 2, 1418
205, 1352, 1418, 825, 40, 1574, 18, 1427
1115, 1352, 960, 92, 1574, 825, 9, 96
1492, 1124, 1352, 35, 1574, 16, 40, 1427
925, 1352, 1580, 215, 1338, 16, 241, 1418
925, 1352, 1580, 215, 1338, 16, 241, 1418
57, 1352, 1580, 1354, 1338, 15, 0, 1418
57, 1352, 1580, 95, 1338, 15, 0, 1418
1486, 1352, 831, 1029, 2, 1350, 1009, 69
914, 1352, 1405, 300, 1338, 825, 1, 97
371, 1352, 1580, 788, 1338, 16, 241, 1418
633, 1352, 1075, 132, 1338, 109, 825, 4
221, 1352, 1418, 825, 40, 1574, 18, 1427
209, 1352, 831, 1029, 11, 1350, 617, 215
43, 1352, 1008, 551, 1338, 825, 40, 17
1099, 1352, 617, 135, 1338, 2, 241, 1418
1203, 1352, 617, 972, 1338, 2, 241, 1418
209, 1352, 831, 1029, 11, 1350, 617, 215
43, 1352, 1008, 123, 1338, 825, 40, 17
1120, 1352, 1405, 364, 1338, 825, 1, 97
9, 1352, 1418, 825, 97, 1574, 18, 1427
924, 1352, 1418, 825, 1574, 40, 24, 1427
1203, 1352, 617, 219, 1338, 2, 241, 1418
1563, 1352, 583, 137, 784, 24, 33, 508
463, 1352, 1075, 35, 1338, 109, 11, 825
211, 1352, 831, 1007, 4, 608, 47, 1350
217, 1352, 831, 1007, 25, 608, 65, 47
1224, 1352, 1075, 35, 1338, 109, 825, 4
1047, 1352, 617, 135, 1338, 2, 241, 1418
217, 1352, 831, 1007, 25, 608, 65, 47
664, 1352, 1425, 784, 19, 508, 18, 92
906, 1352, 617, 135, 1338, 2, 241, 1418
1274, 1352, 1008, 1541, 1338, 825, 40, 17
463, 1352, 1075, 35, 1338, 109, 11, 825
217, 1352, 831, 1007, 25, 608, 65, 47
597, 1352, 1580, 95, 1338, 15, 0, 1418
217, 1352, 831, 1007, 25, 608, 65, 47
773, 1352, 396, 123, 1338, 825, 17, 40
1120, 1352, 1405, 300, 1338, 825, 1, 97
207, 1352, 960, 92, 1574, 825, 9, 96
217, 1352, 831, 1007, 25, 608, 65, 47
217, 1352, 831, 1007, 25, 608, 65, 47
209, 1352, 831, 1029, 11, 1350, 617, 215
221, 1352, 1418, 825, 40, 1574, 18, 1427
217, 1352, 831, 1007, 25, 608, 65, 47
44, 1352, 1580, 215, 1338, 241, 2, 1418
519, 1352, 1075, 142, 1338, 825, 25, 34
368, 1352, 1075, 142, 1338, 825, 25, 34
1073, 1352, 526, 825, 1574, 241, 47, 35
371, 1352, 1580, 788, 1338, 16, 241, 1418
44, 1352, 1580, 215, 1338, 241, 2, 1418
1108, 1352, 1580, 215, 1338, 16, 241, 1418
796, 1352, 1075, 132, 1338, 109, 825, 4
84, 1352, 960, 766, 1574, 825, 96, 69
221, 1352, 1418, 825, 40, 1574, 18, 1427
130, 1352, 1405, 364, 1338, 825, 1, 97
398, 1352, 1156, 825, 15, 1574, 30, 47
210, 1352, 508, 825, 109, 1574, 26, 1009
463, 1352, 1075, 35, 1338, 109, 11, 825
66, 1352, 1580, 215, 1338, 241, 2, 1418
217, 1352, 831, 1007, 25, 608, 65, 47
449, 1352, 960, 624, 1574, 825, 96, 9
925, 1352, 1580, 788, 1338, 16, 241, 1418
1364, 1352, 526, 825, 1574, 241, 47, 35
371, 1352, 1580, 215, 1338, 16, 241, 1418
57, 1352, 1580, 95, 1338, 15, 0, 1418
463, 1352, 1075, 35, 1338, 109, 11, 825
318, 1352, 526, 825, 1574, 15, 47, 30
207, 1352, 960, 624, 1574, 825, 96, 9
1106, 1352, 1580, 95, 1338, 15, 0, 1418
66, 1352, 1580, 215, 1338, 241, 2, 1418
209, 1352, 831, 1029, 11, 1350, 617, 215
205, 1352, 1418, 825, 40, 1574, 18, 1427
209, 1352, 831, 1029, 11, 1350, 617, 215
1373, 1352, 526, 825, 1574, 241, 47, 35
1603, 1352, 1405, 551, 1338, 825, 17, 40
1156, 1124, 1352, 35, 1574, 16, 40, 1427
217, 1352, 831, 1007, 25, 608, 65, 47
925, 1352, 1580, 215, 1338, 16, 241, 1418
214, 1352, 960, 92, 1574, 825, 9, 96
575, 1352, 960, 624, 1574, 825, 96, 9
463, 1352, 1075, 35, 1338, 109, 11, 825
925, 1352, 1580, 215, 1338, 16, 241, 1418
61, 1352, 862, 92, 1574, 825, 9, 96
58, 1352, 960, 92, 1574, 825, 9, 96
1120, 1352, 1405, 300, 1338, 825, 1, 97
217, 1352, 831, 1007, 25, 608, 65, 47
774, 1352, 617, 135, 1338, 2, 241, 1418
207, 1352, 960, 128, 1574, 825, 96, 9
1274, 1352, 396, 8, 1338, 825, 40, 17
205, 1352, 1418, 825, 40, 1574, 18, 1427
207, 1352, 960, 92, 1574, 825, 9, 96
207, 1352, 960, 92, 1574, 825, 9, 96
206, 1352, 960, 128, 1574, 825, 96, 9
207, 1352, 960, 92, 1574, 825, 9, 96
774, 1352, 617, 135, 1338, 2, 241, 1418
57, 1352, 1580, 95, 1338, 15, 0, 1418
1120, 1352, 1405, 300, 1338, 825, 1, 97
937, 1352, 396, 8, 1338, 825, 40, 17
217, 1352, 831, 1007, 25, 608, 65, 47
463, 1352, 1075, 35, 1338, 109, 11, 825
465, 1352, 617, 135, 1338, 2, 241, 1418
1602, 1352, 960, 92, 1574, 825, 9, 96
209, 1352, 831, 1029, 11, 1350, 617, 215
217, 1352, 831, 1007, 25, 608, 65, 47
217, 1352, 831, 1007, 25, 608, 65, 47
80, 1352, 1580, 215, 1338, 241, 2, 1418
872, 1352, 1405, 123, 1338, 825, 17, 40
385, 1352, 1418, 825, 1574, 40, 24, 1427
217, 1352, 831, 1007, 25, 608, 65, 47
1563, 1352, 583, 137, 784, 24, 33, 508
210, 1352, 508, 825, 109, 1574, 26, 1009
1157, 1352, 1405, 551, 1338, 825, 17, 40
1127, 1352, 1580, 215, 1338, 16, 241, 1418
146, 1352, 1405, 383, 1338, 825, 1, 97
1116, 1352, 1075, 132, 1338, 109, 825, 4
1460, 1352, 1580, 788, 1338, 241, 2, 1418
211, 1352, 831, 1007, 4, 608, 47, 1350
217, 1352, 831, 1007, 25, 608, 65, 47
1117, 1352, 583, 9, 784, 24, 33, 508
145, 1352, 617, 135, 1338, 2, 241, 1418
94, 1352, 1580, 215, 1338, 241, 2, 1418
1112, 1352, 1075, 142, 1338, 825, 25, 34
1104, 1352, 396, 8, 1338, 825, 17, 40
448, 1352, 1075, 1028, 1338, 109, 11, 825
1103, 1352, 1580, 215, 1338, 16, 241, 1418
1120, 1352, 1405, 1397, 1338, 825, 1, 97
1116, 1352, 1075, 132, 1338, 109, 825, 4
371, 1352, 1580, 788, 1338, 16, 241, 1418
1178, 1352, 1008, 123, 1338, 825, 40, 17
57, 1352, 1580, 95, 1338, 15, 0, 1418
777, 1352, 1580, 215, 1338, 241, 2, 1418
217, 1352, 831, 1007, 25, 608, 65, 47
1098, 1352, 1025, 215, 1338, 241, 2, 1418
275, 1352, 960, 92, 1574, 825, 9, 96
1045, 1352, 1418, 831, 97, 1574, 18, 1427
1602, 1352, 960, 92, 1574, 825, 9, 96
750, 1352, 1418, 825, 40, 1574, 18, 1427
1156, 831, 1352, 224, 1574, 97, 18, 1427
206, 1352, 960, 1030, 1574, 825, 96, 9
1478, 1352, 831, 1029, 0, 46, 1350, 608
385, 1352, 1418, 825, 1574, 40, 24, 1427
413, 1352, 1075, 35, 1338, 109, 11, 825
1602, 1352, 960, 1419, 1574, 825, 9, 96
1383, 1352, 831, 1029, 16, 258, 1350, 19
1156, 1124, 1352, 35, 1574, 16, 40, 1427
448, 1352, 1075, 1012, 1338, 109, 11, 825
205, 1352, 1418, 825, 40, 1574, 18, 1427
205, 1352, 1418, 825, 40, 1574, 18, 1427
205, 1352, 1418, 825, 40, 1574, 18, 1427
1148, 1352, 960, 92, 1574, 825, 9, 96
463, 1352, 1075, 35, 1338, 109, 11, 825
205, 1352, 1418, 825, 40, 1574, 18, 1427
1102, 1352, 1008, 551, 1338, 825, 40, 17
463, 1352, 1075, 35, 1338, 109, 11, 825
1552, 1352, 831, 1007, 1, 1156, 26, 8
1120, 1352, 1405, 1397, 1338, 825, 1, 97
1360, 1352, 960, 1574, 92, 825, 96, 69
57, 1352, 1580, 95, 1338, 15, 0, 1418
214, 1352, 960, 92, 1574, 825, 9, 96
939, 1352, 1405, 300, 1338, 825, 1, 97
1552, 1352, 831, 1007, 1, 1156, 26, 8
1324, 1352, 960, 92, 1574, 825, 9, 96
434, 1352, 1418, 825, 40, 1574, 18, 1427
823, 1352, 526, 831, 1574, 241, 26, 258
1126, 1352, 1580, 215, 1338, 241, 2, 1418
321, 1352, 508, 825, 34, 1574, 54, 1427
1552, 1352, 831, 1007, 1, 1156, 26, 8
827, 1352, 1156, 831, 15, 1574, 30, 47
1326, 1352, 960, 92, 1574, 825, 96, 69
745, 1352, 960, 92, 1574, 825, 9, 96
1045, 1352, 1418, 825, 97, 1574, 18, 1427
575, 1352, 960, 624, 1574, 825, 96, 9
1286, 1352, 1075, 142, 1338, 825, 25, 34
1365, 1352, 1418, 825, 40, 1574, 18, 1427
1156, 1124, 1352, 35, 1574, 16, 40, 1427
1602, 1352, 960, 92, 1574, 825, 9, 96
1243, 1352, 1405, 551, 1338, 825, 17, 40
1602, 1352, 960, 518, 1574, 825, 9, 96
1552, 1352, 831, 1007, 1, 1156, 26, 8
784, 1124, 922, 1352, 4, 396, 1350, 30
1552, 1352, 831, 1007, 1, 1156, 26, 8
1313, 1352, 1075, 35, 1338, 109, 11, 825
407, 1352, 1580, 218, 1338, 15, 0, 1418
1182, 1352, 526, 825, 1574, 15, 47, 30
1313, 1352, 1075, 35, 1338, 109, 11, 825
1178, 1352, 1008, 1332, 1338, 825, 40, 17
1050, 1352, 526, 831, 1574, 15, 47, 30
124, 1352, 1008, 1332, 1338, 825, 40, 17
413, 1352, 1075, 35, 1338, 109, 11, 825
371, 1352, 1580, 215, 1338, 16, 241, 1418
1313, 1352, 1075, 35, 1338, 109, 11, 825
842, 1352, 1348, 784, 1, 508, 26, 8
407, 1352, 1580, 95, 1338, 15, 0, 1418
1038, 1352, 1580, 753, 1338, 241, 2, 1418
1157, 1352, 1405, 551, 1338, 825, 17, 40
192, 1352, 1075, 35, 1338, 109, 825, 4
1039, 1124, 1352, 224, 1338, 0, 109, 1427
1287, 1352, 960, 92, 1574, 825, 9, 96
925, 1352, 1580, 215, 1338, 16, 241, 1418
398, 1352, 1156, 831, 15, 1574, 30, 47
43, 1352, 1008, 551, 1338, 825, 40, 17
784, 831, 234, 1352, 2, 737, 69, 1350
43, 1352, 1008, 551, 1338, 825, 40, 17
43, 1352, 1008, 123, 1338, 825, 40, 17
42, 1352, 1418, 825, 97, 1574, 54, 8
80, 1352, 1580, 215, 1338, 241, 2, 1418
1469, 1352, 831, 1029, 11, 1350, 617, 30
98, 1352, 1580, 95, 1338, 15, 0, 1418
835, 1352, 141, 784, 1, 508, 26, 8
702, 1352, 1580, 95, 1338, 15, 0, 1418
43, 1352, 1008, 551, 1338, 825, 40, 17
1154, 1352, 1008, 1332, 1338, 825, 40, 17
953, 1352, 1580, 95, 1338, 15, 0, 1418
1476, 1352, 1580, 753, 1338, 241, 2, 1418
43, 1352, 396, 123, 1338, 825, 40, 17
66, 1352, 1580, 215, 1338, 241, 2, 1418
1469, 1352, 831, 1029, 11, 1350, 617, 30
57, 1352, 1580, 95, 1338, 15, 0, 1418
211, 1352, 831, 1007, 4, 608, 47, 1350
466, 1352, 1405, 8, 1338, 825, 17, 40
1264, 1352, 1156, 825, 15, 1574, 30, 47
1326, 1352, 960, 92, 1574, 825, 96, 69
1602, 1352, 960, 92, 1574, 825, 9, 96
413, 1352, 1075, 132, 1338, 109, 11, 825
1146, 1352, 526, 831, 1574, 241, 26, 258
1274, 1352, 1008, 1383, 1338, 825, 40, 17
1274, 1352, 1008, 123, 1338, 825, 40, 17
1103, 1352, 1580, 215, 1338, 16, 241, 1418
1274, 1352, 1008, 8, 1338, 825, 40, 17
1492, 1124, 1352, 35, 1574, 16, 40, 1427
448, 1352, 1075, 35, 1338, 109, 11, 825
1264, 1352, 1156, 825, 15, 1574, 30, 47
1120, 1352, 1405, 300, 1338, 825, 1, 97
57, 1352, 1580, 95, 1338, 15, 0, 1418
1047, 1352, 617, 135, 1338, 2, 241, 1418
1563, 1352, 583, 137, 784, 24, 33, 508
77, 1352, 1075, 132, 1338, 109, 11, 825
57, 1352, 1580, 95, 1338, 15, 0, 1418
472, 1352, 396, 1399, 1338, 825, 40, 17
1563, 1352, 583, 9, 784, 24, 33, 508
702, 1352, 1580, 95, 1338, 15, 0, 1418
1603, 1352, 1405, 551, 1338, 825, 17, 40
1163, 1352, 1075, 35, 1338, 109, 11, 825
1563, 1352, 583, 137, 784, 24, 33, 508
488, 1352, 960, 518, 1574, 825, 96, 69
1313, 1352, 1075, 35, 1338, 109, 11, 825
925, 1352, 1580, 212, 1338, 15, 0, 1418
333, 1352, 960, 128, 1574, 825, 96, 9
217, 1352, 831, 1007, 25, 608, 65, 47
206, 1352, 960, 128, 1574, 825, 96, 9
872, 1352, 1405, 123, 1338, 825, 17, 40
1288, 1352, 960, 518, 1574, 825, 96, 69
1208, 1352, 396, 688, 1338, 825, 17, 40
1224, 1352, 1075, 132, 1338, 109, 825, 4
576, 1352, 831, 1007, 11, 396, 30, 1350
120, 1352, 1008, 551, 1338, 825, 40, 17
585, 1352, 508, 831, 109, 1574, 26, 65
1112, 1352, 1075, 99, 1338, 825, 25, 34
115, 1352, 526, 825, 1574, 15, 47, 30
457, 1352, 508, 831, 34, 1574, 54, 1427
315, 1352, 526, 825, 1574, 15, 47, 30
902, 1352, 1580, 95, 1338, 15, 0, 1418
331, 1352, 1418, 825, 1574, 40, 24, 1427
771, 1352, 960, 92, 1574, 825, 9, 96
321, 1352, 508, 825, 34, 1574, 54, 1427
982, 1352, 1405, 505, 1338, 825, 1, 97
209, 1352, 831, 1029, 11, 1350, 617, 215
589, 1352, 1580, 95, 1338, 15, 0, 1418
1096, 1352, 1580, 215, 1338, 241, 2, 1418
371, 1352, 1580, 788, 1338, 16, 241, 1418
371, 1352, 1580, 390, 1338, 16, 241, 1418
842, 1352, 1348, 784, 1, 508, 26, 8
902, 1352, 1580, 212, 1338, 15, 0, 1418
175, 1352, 1580, 215, 1338, 16, 241, 1418
207, 1352, 960, 518, 1574, 825, 9, 96
1157, 1352, 1405, 551, 1338, 825, 17, 40
371, 1352, 1580, 215, 1338, 16, 241, 1418
217, 1352, 831, 1007, 25, 608, 65, 47
371, 1352, 1580, 861, 1338, 16, 241, 1418
371, 1352, 1580, 215, 1338, 16, 241, 1418
217, 1352, 831, 1007, 25, 608, 65, 47
217, 1352, 831, 1007, 25, 608, 65, 47
976, 1352, 862, 1574, 92, 825, 96, 69
675, 1352, 831, 1029, 0, 46, 1350, 608
454, 1352, 960, 1574, 92, 825, 96, 69
914, 1352, 1405, 300, 1338, 825, 1, 97
804, 1352, 1418, 825, 40, 1574, 18, 1427
675, 1352, 831, 1029, 0, 46, 1350, 608
466, 1352, 1008, 1383, 1338, 825, 17, 40
1602, 1352, 960, 92, 1574, 825, 9, 96
463, 1352, 1075, 35, 1338, 109, 11, 825
914, 1352, 1405, 300, 1338, 825, 1, 97
576, 1352, 831, 1007, 11, 396, 30, 1350
57, 1352, 1580, 95, 1338, 15, 0, 1418
1146, 1352, 526, 825, 1574, 241, 26, 258
57, 1352, 1580, 95, 1338, 15, 0, 1418
567, 1352, 396, 21, 1338, 825, 40, 17
463, 1352, 1075, 35, 1338, 109, 11, 825
461, 1352, 396, 8, 1338, 825, 40, 17
57, 1352, 1580, 95, 1338, 15, 0, 1418
1602, 1352, 960, 92, 1574, 825, 9, 96
688, 1352, 831, 1029, 16, 258, 1350, 19
480, 1352, 1075, 142, 1338, 825, 25, 34
66, 1352, 1580, 753, 1338, 241, 2, 1418
1603, 1352, 1405, 551, 1338, 825, 17, 40
777, 1352, 1580, 215, 1338, 241, 2, 1418
871, 1352, 1386, 35, 1338, 109, 825, 4
74, 1352, 1075, 99, 1338, 825, 25, 34
925, 1352, 1580, 215, 1338, 16, 241, 1418
461, 1352, 396, 8, 1338, 825, 40, 17
1029, 1124, 8, 1352, 258, 1350, 2, 9
925, 1352, 1580, 215, 1338, 16, 241, 1418
981, 1352, 1075, 298, 1338, 109, 825, 4
21, 1352, 831, 1029, 16, 258, 1350, 19
1272, 1352, 1580, 753, 1338, 16, 241, 1418
1120, 1352, 1405, 300, 1338, 825, 1, 97
1188, 1352, 526, 831, 1574, 241, 47, 35
936, 1352, 1075, 298, 1338, 109, 11, 825
1482, 1352, 831, 1007, 4, 608, 47, 65
52, 1352, 960, 1574, 92, 825, 96, 69
1472, 1352, 831, 1029, 16, 258, 1350, 19
1602, 1352, 960, 92, 1574, 825, 9, 96
1274, 1352, 1008, 1332, 1338, 825, 40, 17
1560, 1352, 831, 1029, 2, 1350, 1009, 69
1047, 1352, 617, 135, 1338, 2, 241, 1418
105, 1352, 831, 1029, 11, 1350, 617, 30
1188, 1352, 526, 825, 1574, 241, 47, 35
433, 1352, 1008, 21, 1338, 825, 40, 17
865, 1352, 831, 1418, 1574, 96, 24, 1427
353, 1352, 1580, 1354, 1338, 15, 0, 1418
371, 1352, 1580, 788, 1338, 16, 241, 1418
413, 1352, 1075, 132, 1338, 109, 11, 825
94, 1352, 1580, 215, 1338, 241, 2, 1418
424, 1352, 960, 518, 1574, 825, 9, 96
1602, 1352, 960, 518, 1574, 825, 9, 96
1602, 1352, 960, 92, 1574, 825, 9, 96
1156, 831, 1352, 343, 1574, 97, 18, 1427
511, 1352, 617, 135, 1338, 2, 241, 1418
217, 1352, 831, 1007, 25, 608, 65, 47
43, 1352, 1008, 551, 1338, 825, 40, 17
297, 1352, 960, 128, 1574, 825, 96, 9
211, 1352, 831, 1007, 4, 608, 47, 1350
1178, 1352, 396, 1332, 1338, 825, 40, 17
43, 1352, 1008, 551, 1338, 825, 40, 17
371, 1352, 1580, 215, 1338, 16, 241, 1418
371, 1352, 1580, 215, 1338, 16, 241, 1418
1011, 1352, 1418, 825, 40, 1574, 18, 1427
209, 1352, 825, 1029, 11, 1350, 617, 215
85, 1352, 1075, 132, 1338, 109, 825, 4
1488, 1352, 1075, 142, 1338, 825, 25, 34
220, 1352, 1418, 825, 97, 1574, 18, 1427
220, 1352, 1418, 825, 97, 1574, 18, 1427
1469, 1352, 831, 1029, 11, 1350, 617, 30
80, 1352, 1580, 215, 1338, 241, 2, 1418
210, 1352, 508, 825, 109, 1574, 26, 1009
80, 1352, 1580, 215, 1338, 241, 2, 1418
42, 1352, 1418, 825, 97, 1574, 54, 8
80, 1352, 1580, 788, 1338, 241, 2, 1418
371, 1352, 1580, 215, 1338, 16, 241, 1418
211, 1352, 831, 1007, 4, 608, 47, 1350
614, 1352, 1405, 364, 1338, 825, 1, 97
902, 1352, 1580, 95, 1338, 15, 0, 1418
57, 1352, 1580, 95, 1338, 15, 0, 1418
57, 1352, 1580, 95, 1338, 15, 0, 1418
871, 1352, 1075, 298, 1338, 109, 825, 4
407, 1352, 1580, 95, 1338, 15, 0, 1418
217, 1352, 831, 1007, 25, 608, 65, 47
39, 1352, 526, 825, 1574, 15, 47, 30
169, 1352, 508, 831, 109, 1574, 26, 65
94, 1352, 1580, 215, 1338, 241, 2, 1418
478, 1352, 526, 825, 1574, 15, 47, 30
386, 1352, 831, 1029, 0, 258, 1350, 6
386, 1352, 831, 1029, 0, 258, 1350, 6
1196, 1352, 1405, 364, 1338, 825, 1, 97
1064, 1352, 960, 92, 1574, 825, 9, 96
535, 1352, 960, 518, 1574, 825, 9, 96
1264, 1352, 1492, 825, 15, 1574, 30, 47
1264, 1352, 1492, 825, 15, 1574, 30, 47
386, 1352, 831, 1029, 0, 258, 1350, 6
934, 1352, 396, 551, 1338, 825, 40, 17
326, 1352, 1075, 142, 1338, 825, 25, 34
544, 1352, 508, 825, 109, 1574, 26, 1009
925, 1352, 1580, 215, 1338, 16, 241, 1418
386, 1352, 831, 1029, 0, 258, 1350, 6
233, 1352, 1405, 551, 1338, 825, 17, 40
624, 1352, 831, 1029, 2, 1350, 1009, 69
1260, 1352, 960, 92, 1574, 825, 9, 96
1177, 1352, 1075, 35, 1338, 109, 825, 4
1313, 1352, 1075, 35, 1338, 109, 11, 825
887, 1352, 960, 128, 1574, 825, 96, 9
205, 1352, 1418, 825, 40, 1574, 18, 1427
385, 1352, 1418, 825, 1574, 40, 24, 1427
1602, 1352, 960, 518, 1574, 825, 9, 96
85, 1352, 1075, 132, 1338, 109, 825, 4
1274, 1352, 1008, 1383, 1338, 825, 40, 17
57, 1352, 1580, 218, 1338, 15, 0, 1418
57, 1352, 1580, 95, 1338, 15, 0, 1418
57, 1352, 1580, 95, 1338, 15, 0, 1418
476, 1352, 1405, 1397, 1338, 825, 1, 97
96, 1352, 831, 784, 1, 526, 26, 8
1602, 1352, 960, 92, 1574, 825, 9, 96
465, 1352, 617, 135, 1338, 2, 241, 1418
1552, 1352, 831, 1007, 1, 1156, 26, 8
214, 1352, 960, 534, 1574, 825, 9, 96
939, 1352, 1405, 364, 1338, 825, 1, 97
1373, 1352, 526, 825, 1574, 241, 47, 35
326, 1352, 1075, 99, 1338, 825, 25, 34
702, 1352, 1580, 95, 1338, 15, 0, 1418
212, 1352, 1418, 825, 40, 1574, 18, 1427
43, 1352, 1008, 123, 1338, 825, 40, 17
228, 1352, 526, 825, 1574, 15, 47, 30
991, 1352, 617, 135, 1338, 2, 241, 1418
915, 1352, 1418, 825, 40, 1574, 18, 1427
52, 1352, 960, 620, 1574, 825, 96, 69
205, 1352, 1418, 825, 40, 1574, 18, 1427
1552, 1352, 831, 1007, 1, 1156, 26, 8
991, 1352, 617, 135, 1338, 2, 241, 1418
448, 1352, 1075, 35, 1338, 109, 11, 825
1313, 1352, 1075, 35, 1338, 109, 11, 825
1120, 1352, 1405, 300, 1338, 825, 1, 97
66, 1352, 1580, 215, 1338, 241, 2, 1418
1045, 1352, 1418, 825, 97, 1574, 18, 1427
677, 1352, 1405, 300, 1338, 825, 1, 97
371, 1352, 1580, 861, 1338, 16, 241, 1418
939, 1352, 1405, 1397, 1338, 825, 1, 97
1154, 1352, 1008, 551, 1338, 825, 40, 17
371, 1352, 1580, 788, 1338, 16, 241, 1418
1552, 1352, 831, 1007, 1, 1156, 26, 8
936, 1352, 1075, 35, 1338, 109, 11, 825
1552, 1352, 831, 1007, 1, 1156, 26, 8
313, 1352, 960, 518, 1574, 825, 9, 96
1252, 1352, 1580, 215, 1338, 16, 241, 1418
1602, 1352, 960, 92, 1574, 825, 9, 96
902, 1352, 1580, 1354, 1338, 15, 0, 1418
87, 1352, 960, 518, 1574, 825, 9, 96
87, 1352, 960, 507, 1574, 825, 9, 96
902, 1352, 1580, 1006, 1338, 15, 0, 1418
1512, 1352, 508, 831, 109, 1574, 26, 1009
411, 1352, 1580, 215, 1338, 241, 2, 1418
1035, 1352, 1075, 132, 1338, 109, 825, 4
781, 1352, 960, 518, 1574, 825, 9, 96
1045, 1352, 1418, 831, 97, 1574, 18, 1427
57, 1352, 1580, 95, 1338, 15, 0, 1418
831, 1352, 1348, 784, 1, 508, 26, 8
1047, 1352, 617, 135, 1338, 2, 241, 1418
597, 1352, 1580, 95, 1338, 15, 0, 1418
914, 1352, 1405, 300, 1338, 825, 1, 97
1156, 1124, 1352, 35, 1574, 16, 40, 1427
314, 1352, 960, 507, 1574, 825, 9, 96
1602, 1352, 960, 92, 1574, 825, 9, 96
57, 1352, 1580, 95, 1338, 15, 0, 1418
371, 1352, 1580, 788, 1338, 16, 241, 1418
371, 1352, 1580, 215, 1338, 16, 241, 1418
1602, 1352, 960, 518, 1574, 825, 9, 96
371, 1352, 1580, 215, 1338, 16, 241, 1418
1156, 831, 1352, 224, 1574, 97, 18, 1427
1120, 1352, 1405, 300, 1338, 825, 1, 97
206, 1352, 960, 92, 1574, 825, 9, 96
463, 1352, 1075, 1028, 1338, 109, 11, 825
1602, 1352, 960, 92, 1574, 825, 9, 96
205, 1352, 1418, 825, 40, 1574, 18, 1427
217, 1352, 831, 1007, 25, 608, 65, 47
1602, 1352, 960, 92, 1574, 825, 9, 96
1274, 1352, 1008, 1332, 1338, 825, 40, 17
217, 1352, 831, 1007, 25, 608, 65, 47
1602, 1352, 960, 92, 1574, 825, 9, 96
75, 1352, 526, 825, 1574, 15, 47, 30
809, 1352, 1580, 215, 1338, 241, 2, 1418
641, 1352, 617, 219, 1338, 2, 241, 1418
454, 1352, 960, 620, 1574, 825, 96, 69
1492, 831, 1352, 395, 1574, 97, 18, 1427
454, 1352, 960, 1574, 92, 825, 96, 69
1313, 1352, 1075, 35, 1338, 109, 11, 825
76, 1352, 1405, 300, 1338, 825, 1, 97
217, 1352, 831, 1007, 25, 608, 65, 47
314, 1352, 960, 92, 1574, 825, 9, 96
217, 1352, 831, 1007, 25, 608, 65, 47
925, 1352, 1580, 215, 1338, 16, 241, 1418
205, 1352, 1418, 831, 40, 1574, 18, 1427
211, 1352, 831, 1007, 4, 608, 47, 1350
463, 1352, 1075, 35, 1338, 109, 11, 825
463, 1352, 1075, 35, 1338, 109, 11, 825
982, 1352, 1405, 300, 1338, 825, 1, 97
66, 1352, 1580, 215, 1338, 241, 2, 1418
57, 1352, 1580, 95, 1338, 15, 0, 1418
480, 1352, 1075, 142, 1338, 825, 25, 34
312, 1352, 960, 128, 1574, 825, 96, 9
1168, 1352, 638, 92, 1574, 825, 9, 96
649, 1352, 1580, 215, 1338, 16, 241, 1418
474, 1352, 508, 831, 109, 1574, 26, 1009
1168, 1352, 960, 92, 1574, 825, 9, 96
656, 1352, 1008, 123, 1338, 825, 40, 17
617, 831, 1352, 19, 1338, 33, 54, 1418
480, 1352, 1075, 142, 1338, 825, 25, 34
332, 1352, 1405, 123, 1338, 825, 17, 40
485, 1352, 1418, 825, 40, 1574, 18, 1427
925, 1352, 1580, 215, 1338, 16, 241, 1418
809, 1352, 1580, 861, 1338, 241, 2, 1418
611, 1352, 831, 1029, 0, 258, 1350, 6
489, 1352, 526, 831, 1574, 241, 47, 35
332, 1352, 1405, 123, 1338, 825, 17, 40
1171, 1352, 1405, 123, 1338, 825, 17, 40
74, 1352, 1075, 155, 1338, 825, 25, 34
624, 1352, 831, 1029, 2, 1350, 1009, 69
480, 1352, 1075, 142, 1338, 825, 25, 34
925, 1352, 1580, 215, 1338, 16, 241, 1418
713, 1352, 526, 825, 1574, 241, 47, 35
717, 1352, 1405, 300, 1338, 825, 1, 97
702, 1352, 1580, 95, 1338, 15, 0, 1418
312, 1352, 960, 128, 1574, 825, 96, 9
480, 1352, 1075, 142, 1338, 825, 25, 34
66, 1352, 1580, 215, 1338, 241, 2, 1418
748, 1352, 1075, 142, 1338, 825, 25, 34
448, 1352, 1075, 298, 1338, 109, 11, 825
80, 1352, 1580, 215, 1338, 241, 2, 1418
702, 1352, 1580, 95, 1338, 15, 0, 1418
1616, 1352, 526, 825, 1574, 241, 47, 35
1466, 1352, 1075, 142, 1338, 825, 25, 34
1469, 1352, 831, 1029, 11, 1350, 617, 30
1616, 1352, 526, 825, 1574, 241, 47, 35
713, 1352, 526, 825, 1574, 241, 47, 35
57, 1352, 1580, 95, 1338, 15, 0, 1418
1463, 1352, 831, 1007, 4, 608, 47, 1350
1602, 1352, 960, 92, 1574, 825, 9, 96
100, 1352, 1492, 831, 1574, 15, 47, 30
1492, 831, 1352, 600, 1574, 97, 18, 1427
448, 1352, 1075, 35, 1338, 109, 11, 825
1563, 1352, 583, 9, 784, 24, 33, 508
448, 1352, 1075, 35, 1338, 109, 11, 825
923, 1352, 1418, 825, 40, 1574, 18, 1427
605, 1352, 617, 135, 1338, 2, 241, 1418
605, 1352, 617, 135, 1338, 2, 241, 1418
1371, 1352, 1075, 99, 1338, 825, 25, 34
715, 1352, 1418, 825, 40, 1574, 18, 1427
448, 1352, 1075, 1094, 1338, 109, 11, 825
725, 1352, 1418, 825, 40, 1574, 18, 1427
1045, 1352, 1418, 831, 97, 1574, 18, 1427
1482, 1352, 831, 1007, 4, 608, 47, 65
448, 1352, 1075, 388, 1338, 109, 11, 825
1602, 1352, 960, 518, 1574, 825, 9, 96
448, 1352, 1075, 1094, 1338, 109, 11, 825
778, 1352, 960, 518, 1574, 825, 9, 96
702, 1352, 1580, 95, 1338, 15, 0, 1418
1602, 1352, 960, 92, 1574, 825, 9, 96
1519, 1352, 1418, 825, 40, 1574, 18, 1427
1014, 1352, 1072, 972, 1338, 2, 241, 1418
1154, 1352, 1008, 551, 1338, 825, 40, 17
371, 1352, 1580, 788, 1338, 16, 241, 1418
1146, 1352, 526, 825, 1574, 241, 26, 258
773, 1352, 1008, 123, 1338, 825, 17, 40
1041, 1352, 960, 1574, 92, 825, 96, 69
844, 1352, 960, 790, 1574, 825, 96, 69
1623, 1352, 1075, 132, 1338, 109, 11, 825
1240, 1352, 1405, 300, 1338, 825, 1, 97
32, 1352, 831, 1029, 16, 258, 1350, 19
22, 1352, 1418, 825, 97, 1574, 18, 1427
1240, 1352, 1405, 300, 1338, 825, 1, 97
463, 1352, 1075, 35, 1338, 109, 11, 825
1126, 1352, 1025, 215, 1338, 241, 2, 1418
1364, 1352, 526, 825, 1574, 241, 47, 35
458, 1352, 526, 825, 1574, 241, 47, 35
1367, 1352, 1405, 300, 1338, 825, 1, 97
804, 1352, 1418, 825, 40, 1574, 18, 1427
1274, 1352, 1008, 1383, 1338, 825, 40, 17
1481, 1352, 1580, 215, 1338, 16, 241, 1418
701, 1352, 831, 1029, 0, 46, 1350, 608
1291, 1352, 1418, 825, 1574, 40, 24, 1427
804, 1352, 1418, 831, 40, 1574, 18, 1427
49, 1352, 396, 688, 1338, 825, 40, 17
57, 1352, 1580, 95, 1338, 15, 0, 1418
1247, 1352, 960, 92, 1574, 825, 9, 96
1273, 1352, 1405, 225, 1338, 825, 1, 97
1221, 1352, 1075, 578, 1338, 109, 11, 825
1481, 1352, 1580, 215, 1338, 16, 241, 1418
567, 1352, 1008, 8, 1338, 825, 40, 17
691, 1352, 831, 19, 784, 54, 33, 508
809, 1352, 1580, 1412, 1338, 241, 2, 1418
1041, 1352, 960, 1574, 92, 825, 96, 69
1274, 1352, 1008, 8, 1338, 825, 40, 17
1564, 1352, 831, 1007, 25, 608, 65, 47
1374, 1352, 508, 831, 109, 1574, 26, 65
420, 1352, 960, 92, 1574, 825, 9, 96
1274, 1352, 1008, 8, 1338, 825, 40, 17
57, 1352, 1580, 95, 1338, 15, 0, 1418
1352, 1124, 583, 37, 784, 24, 33, 508
463, 1352, 1075, 35, 1338, 109, 11, 825
325, 1352, 1156, 825, 15, 1574, 30, 47
1172, 1352, 960, 92, 1574, 825, 9, 96
1041, 1352, 960, 620, 1574, 825, 96, 69
1115, 1352, 960, 92, 1574, 825, 9, 96
57, 1352, 1580, 95, 1338, 15, 0, 1418
371, 1352, 1580, 215, 1338, 16, 241, 1418
1602, 1352, 960, 507, 1574, 825, 9, 96
1154, 1352, 1008, 551, 1338, 825, 40, 17
1154, 1352, 1008, 551, 1338, 825, 40, 17
1602, 1352, 960, 92, 1574, 825, 9, 96
1156, 1124, 1352, 35, 1574, 16, 40, 1427
435, 1352, 960, 92, 1574, 825, 9, 96
1148, 1352, 960, 92, 1574, 825, 9, 96
44, 1352, 1580, 215, 1338, 241, 2, 1418
43, 1352, 1008, 551, 1338, 825, 40, 17
925, 1352, 1580, 215, 1338, 16, 241, 1418
57, 1352, 1580, 95, 1338, 15, 0, 1418
1610, 1352, 1075, 132, 1338, 109, 825, 4
1127, 1352, 1580, 215, 1338, 16, 241, 1418
1313, 1352, 1075, 35, 1338, 109, 11, 825
211, 1352, 831, 1007, 4, 608, 47, 1350
120, 1352, 396, 693, 1338, 825, 40, 17
319, 1352, 617, 135, 1338, 2, 241, 1418
321, 1352, 508, 831, 34, 1574, 54, 1427
345, 1352, 526, 825, 1574, 241, 47, 35
925, 1352, 1580, 215, 1338, 16, 241, 1418
1352, 1124, 621, 37, 784, 24, 33, 508
43, 1352, 1008, 123, 1338, 825, 40, 17
53, 1352, 396, 150, 1338, 825, 40, 17
936, 1352, 1075, 388, 1338, 109, 11, 825
94, 1352, 1580, 215, 1338, 241, 2, 1418
345, 1352, 526, 825, 1574, 241, 47, 35
925, 1352, 1580, 215, 1338, 16, 241, 1418
702, 1352, 1580, 95, 1338, 15, 0, 1418
772, 1352, 960, 92, 1574, 825, 9, 96
43, 1352, 1008, 21, 1338, 825, 40, 17
345, 1352, 526, 825, 1574, 241, 47, 35
576, 1352, 831, 1007, 11, 396, 30, 1350
925, 1352, 1580, 788, 1338, 16, 241, 1418
925, 1352, 1580, 215, 1338, 16, 241, 1418
1008, 1124, 1352, 224, 1338, 0, 109, 1427
